0 0.32656199999999996 0.35 0.146875 0.103125
0 0.183594 0.189062 0.035937 0.034375
0 0.294531 0.142187 0.098437 0.05
0 0.321094 0.117188 0.064062 0.040625
0 0.383594 0.150781 0.048438 0.039062
0 0.42109399999999997 0.22343799999999997 0.048438 0.04375
0 0.573438 0.18828099999999998 0.053125 0.026561999999999995
0 0.6710939999999999 0.153906 0.057813 0.032813
0 0.7789060000000001 0.26875 0.123438 0.11875
0 0.907813 0.22343799999999997 0.184375 0.1
0 0.490625 0.235156 0.025 0.014063
0 0.11796900000000002 0.2625 0.029687 0.015625