1 0.8875 0.767188 0.08125 0.05
3 0.8882809999999999 0.466406 0.029687 0.070312
3 0.709375 0.427344 0.03125 0.057813
3 0.614062 0.399219 0.028125 0.051562
3 0.528125 0.41718700000000003 0.025 0.034375
3 0.417969 0.41093799999999997 0.023438 0.04375
3 0.357031 0.42265600000000003 0.023438 0.045312
3 0.300781 0.458594 0.026561999999999995 0.039062
3 0.23828100000000002 0.47656200000000004 0.032813 0.046875
0 0.464844 0.17890599999999998 0.048438 0.067187
0 0.15 0.115625 0.06875 0.075
0 0.929688 0.08046900000000001 0.071875 0.073438
0 0.400781 0.1625 0.035937 0.0375
0 0.260156 0.1875 0.048438 0.05
0 0.875 0.192969 0.04375 0.042188
1 0.465625 0.642188 0.04375 0.028125
3 0.059375 0.48906299999999997 0.03125 0.053125