3 0.402083 0.723582 0.079167 0.406007
3 0.291146 0.710234 0.097917 0.377086
3 0.187240 0.727475 0.110937 0.373749
3 0.081771 0.739155 0.081250 0.292547
3 0.064844 0.270300 0.089063 0.371524
3 0.176823 0.227475 0.094271 0.345940
3 0.292969 0.228587 0.093229 0.352614
3 0.413542 0.248053 0.116667 0.391546
3 0.625000 0.249722 0.081250 0.381535
3 0.721875 0.233593 0.075000 0.335929
3 0.820833 0.264739 0.086458 0.407119
3 0.925781 0.248610 0.094271 0.372636
3 0.543490 0.708009 0.085938 0.392659
3 0.651302 0.656285 0.075521 0.309232
3 0.721615 0.676307 0.066146 0.318131
3 0.826042 0.770857 0.085417 0.398220
3 0.920833 0.751947 0.089583 0.369299
