3 0.597917 0.723582 0.079167 0.406007
3 0.708854 0.710234 0.097917 0.377086
3 0.81276 0.727475 0.110937 0.373749
3 0.918229 0.739155 0.08125 0.292547
3 0.935156 0.2703 0.089063 0.371524
3 0.823177 0.227475 0.094271 0.34594
3 0.707031 0.228587 0.093229 0.352614
3 0.5864579999999999 0.248053 0.116667 0.391546
3 0.375 0.249722 0.08125 0.381535
3 0.27812499999999996 0.233593 0.075 0.335929
3 0.17916699999999997 0.264739 0.086458 0.407119
3 0.07421900000000003 0.24861 0.094271 0.372636
3 0.45650999999999997 0.708009 0.085938 0.392659
3 0.34869799999999995 0.656285 0.075521 0.309232
3 0.278385 0.676307 0.066146 0.318131
3 0.17395799999999995 0.770857 0.085417 0.39822
3 0.07916699999999999 0.751947 0.089583 0.369299
